255 255 255 255 255 255 255 255 255 255 255 255 255 255 255 255
255   0   0   0   0   0   0 255 255   0   0   0   0   0   0 255
255   0 255 255 255   0 255 255   0 255   0 255 255 255   0 255
255   0 255   0 191   0   0   0   0   0   0 191   0 255   0 255
255   0 255 191 239   0 191  64 255 191   0 239 191 255   0 255
255   0   0   0   0   0   0 255 255   0   0   0   0   0   0 255
255   0   0   0 255   0   0   0   0 255 255 191   0 255   0 255
255   0   0 255  64 255   0 255   0   0 255   0   0 255   0 255
255   0 255   0 191 255   0 255 255 255 255  64   0   0   0 255
255   0   0   0 191   0 255   0   0 255   0  64   0 255 255 255
255   0   0   0   0   0 255   0   0 255   0   0   0 255 255 255
255   0 255 191 239   0 255 191   0   0 255   0  64   0  64 255
255   0 255   0 191   0   0   0   0 255 255 255 255   0 255 255
255   0 255 255 255   0   0 255 255 255   0 255 255 255   0 255
255   0   0   0   0   0   0 255 255 255   0  64 255 255 255 255
255 255 255 255 255 255 255 255 255 255 255 255 255 255 255 255
255 255 255 255 255 255 255 255 255 255 255 255 255 255 255 255
255   0   0   0   0   0   0 255 255   0   0   0   0   0   0 255
255   0 255 255 255   0 255 255   0 255   0 255 255 255   0 255
255   0 255   0 191   0   0   0   0   0   0 191   0 255   0 255
255   0 255 191 239   0 191  64 255 191   0 239 191 255   0 255
255   0   0   0   0   0   0 255 255   0   0   0   0   0   0 255
255   0   0   0 255   0   0   0   0 255 255 191   0 255   0 255
255   0   0 255  64 255   0 255   0   0 255   0   0 255   0 255
255   0 255   0 191 255   0 255 255 255 255  64   0   0   0 255
255   0   0   0 191   0 255   0   0 255   0  64   0 255 255 255
255   0   0   0   0   0 255   0   0 255   0   0   0 255 255 255
255   0 255 191 239   0 255 191   0   0 255   0  64   0  64 255
255   0 255   0 191   0   0   0   0 255 255 255 255   0 255 255
255   0 255 255 255   0   0 255 255 255   0 255 255 255   0 255
255   0   0   0   0   0   0 255 255 255   0  64 255 255 255 255
255 255 255 255 255 255 255 255 255 255 255 255 255 255 255 255
255 255 255 255 255 255 255 255 255 255 255 255 255 255 255 255
255   0   0   0   0   0   0 255 255   0   0   0   0   0   0 255
255   0 255 255 255   0 255 255   0 255   0 255 255 255   0 255
255   0 255   0 191   0   0   0   0   0   0 191   0 255   0 255
255   0 255 191 239   0 191  64 255 191   0 239 191 255   0 255
255   0   0   0   0   0   0 255 255   0   0   0   0   0   0 255
255   0   0   0 255   0   0   0   0 255 255 191   0 255   0 255
255   0   0 255  64 255   0 255   0   0 255   0   0 255   0 255
255   0 255   0 191 255   0 255 255 255 255  64   0   0   0 255
255   0   0   0 191   0 255   0   0 255   0  64   0 255 255 255
255   0   0   0   0   0 255   0   0 255   0   0   0 255 255 255
255   0 255 191 239   0 255 191   0   0 255   0  64   0  64 255
255   0 255   0 191   0   0   0   0 255 255 255 255   0 255 255
255   0 255 255 255   0   0 255 255 255   0 255 255 255   0 255
255   0   0   0   0   0   0 255 255 255   0  64 255 255 255 255
255 255 255 255 255 255 255 255 255 255 255 255 255 255 255 255

255 255 255 255 255 255 255 255 255 255 255 255 255 255 255 255
255  73  40  40  40  60 114  40  40 255 255 141 255 127 255 255
255  40 213 151 206  24 187 141 104 203 241   0 108 255 168 255
255  40 151   0 135  24  88  56  62  93  31 116 255 255 248 255
255  40 206 135 199  24 177  26 120 125  13   0 251 200 141 255
255  60  24  24  24  46 239 250 231  95  43 244 254  94  60 255
255 114 187  88 177  88 140 105 167 167 231  47 247  99 255 255
255 208  23  56 225 204  88  56 255   0  51   0  54 151 208 255
255 208 141  56 120 204  88 211 255   0  51 106  54 151 208 255
255 114 187  88 177 103 145  56  56 197 239 255  88  88 114 255
255  60  24  24  24  46 103 186 186 103  46  24  24  24  60 255
255  40 206 135 199  24 255 123 135 177  24 199 135 206  40 255
255  40 151   0 135  24  88 199   6  88  24 135   0 151  40 255
255  40 213 151 206  24  88  81 199  88  24 206 151 213  40 255
255  73  40  40  40  60 114  87  87 114  60  40  40  40  73 255
255 255 255 255 255 255 255 255 255 255 255 255 255 255 255 255
255 255 255 255 255 255 255 255 255 255 255 255 255 255 255 255
255  73  40  40  40  60 114  40  40 255 255 141 255 127 255 255
255  40 213 151 206  24 187 141 104 203 241   0 108 255 168 255
255  40 151   0 135  24  88  56  62  93  31 116 255 255 248 255
255  40 206 135 199  24 177  26 120 125  13   0 251 200 141 255
255  60  24  24  24  46 239 250 231  95  43 244 254  94  60 255
255 114 187  88 177  88 140 105 167 167 231  47 247  99 255 255
255 208  23  56 225 204  88  56 255   0  51   0  54 151 208 255
255 208 141  56 120 204  88 211 255   0  51 106  54 151 208 255
255 114 187  88 177 103 145  56  56 197 239 255  88  88 114 255
255  60  24  24  24  46 103 186 186 103  46  24  24  24  60 255
255  40 206 135 199  24 255 123 135 177  24 199 135 206  40 255
255  40 151   0 135  24  88 199   6  88  24 135   0 151  40 255
255  40 213 151 206  24  88  81 199  88  24 206 151 213  40 255
255  73  40  40  40  60 114  87  87 114  60  40  40  40  73 255
255 255 255 255 255 255 255 255 255 255 255 255 255 255 255 255
255 255 255 255 255 255 255 255 255 255 255 255 255 255 255 255
255  73  40  40  40  60 114  40  40 255 255 141 255 127 255 255
255  40 213 151 206  24 187 141 104 203 241   0 108 255 168 255
255  40 151   0 135  24  88  56  62  93  31 116 255 255 248 255
255  40 206 135 199  24 177  26 120 125  13   0 251 200 141 255
255  60  24  24  24  46 239 250 231  95  43 244 254  94  60 255
255 114 187  88 177  88 140 105 167 167 231  47 247  99 255 255
255 208  23  56 225 204  88  56 255   0  51   0  54 151 208 255
255 208 141  56 120 204  88 211 255   0  51 106  54 151 208 255
255 114 187  88 177 103 145  56  56 197 239 255  88  88 114 255
255  60  24  24  24  46 103 186 186 103  46  24  24  24  60 255
255  40 206 135 199  24 255 123 135 177  24 199 135 206  40 255
255  40 151   0 135  24  88 199   6  88  24 135   0 151  40 255
255  40 213 151 206  24  88  81 199  88  24 206 151 213  40 255
255  73  40  40  40  60 114  87  87 114  60  40  40  40  73 255
255 255 255 255 255 255 255 255 255 255 255 255 255 255 255 255

255 255 255 255 255 255 255 255 255 255 255 255 255 255 255 255
255 255 168 248 141  60 255 208 208 114  60  40  40  40  73 255
255 127 255 255 200  94  99 151 151  88  24 206 151 213  40 255
255 255 108 255 251 254 247  54  54  88  24 135   0 151  40 255
255 141   0 116   0 244  47   0 106 255  24 199 135 206  40 255
255 255 241  31  13  43 231  51  51 239  46  24  24  24  60 255
255 255 203  93 125  95 167   0   0 197 103 177  88  88 114 255
255  40 104  62 120 231 167 255 255  56 186 135   6 199  87 255
255  40 141  56  26 250 105  56 211  56 186 123 199  81  87 255
255 114 187  88 177 239 140  88  88 145 103 255  88  88 114 255
255  60  24  24  24  46  88 204 204 103  46  24  24  24  60 255
255  40 206 135 199  24 177 225 120 177  24 199 135 206  40 255
255  40 151   0 135  24  88  56  56  88  24 135   0 151  40 255
255  40 213 151 206  24 187  23 141 187  24 206 151 213  40 255
255  73  40  40  40  60 114 208 208 114  60  40  40  40  73 255
255 255 255 255 255 255 255 255 255 255 255 255 255 255 255 255
255 255 255 255 255 255 255 255 255 255 255 255 255 255 255 255
255 255 168 248 141  60 255 208 208 114  60  40  40  40  73 255
255 127 255 255 200  94  99 151 151  88  24 206 151 213  40 255
255 255 108 255 251 254 247  54  54  88  24 135   0 151  40 255
255 141   0 116   0 244  47   0 106 255  24 199 135 206  40 255
255 255 241  31  13  43 231  51  51 239  46  24  24  24  60 255
255 255 203  93 125  95 167   0   0 197 103 177  88  88 114 255
255  40 104  62 120 231 167 255 255  56 186 135   6 199  87 255
255  40 141  56  26 250 105  56 211  56 186 123 199  81  87 255
255 114 187  88 177 239 140  88  88 145 103 255  88  88 114 255
255  60  24  24  24  46  88 204 204 103  46  24  24  24  60 255
255  40 206 135 199  24 177 225 120 177  24 199 135 206  40 255
255  40 151   0 135  24  88  56  56  88  24 135   0 151  40 255
255  40 213 151 206  24 187  23 141 187  24 206 151 213  40 255
255  73  40  40  40  60 114 208 208 114  60  40  40  40  73 255
255 255 255 255 255 255 255 255 255 255 255 255 255 255 255 255
255 255 255 255 255 255 255 255 255 255 255 255 255 255 255 255
255 255 168 248 141  60 255 208 208 114  60  40  40  40  73 255
255 127 255 255 200  94  99 151 151  88  24 206 151 213  40 255
255 255 108 255 251 254 247  54  54  88  24 135   0 151  40 255
255 141   0 116   0 244  47   0 106 255  24 199 135 206  40 255
255 255 241  31  13  43 231  51  51 239  46  24  24  24  60 255
255 255 203  93 125  95 167   0   0 197 103 177  88  88 114 255
255  40 104  62 120 231 167 255 255  56 186 135   6 199  87 255
255  40 141  56  26 250 105  56 211  56 186 123 199  81  87 255
255 114 187  88 177 239 140  88  88 145 103 255  88  88 114 255
255  60  24  24  24  46  88 204 204 103  46  24  24  24  60 255
255  40 206 135 199  24 177 225 120 177  24 199 135 206  40 255
255  40 151   0 135  24  88  56  56  88  24 135   0 151  40 255
255  40 213 151 206  24 187  23 141 187  24 206 151 213  40 255
255  73  40  40  40  60 114 208 208 114  60  40  40  40  73 255
255 255 255 255 255 255 255 255 255 255 255 255 255 255 255 255

255 255 255 255 255 255 255 255 255 255 255 255 255 255 255 255
255  73  40  40  40  60 114  87  87 114  60  40  40  40  73 255
255  40 213 151 206  24  88 199  81  88  24 206 151 213  40 255
255  40 151   0 135  24  88   6 199  88  24 135   0 151  40 255
255  40 206 135 199  24 177 135 123 255  24 199 135 206  40 255
255  60  24  24  24  46 103 186 186 103  46  24  24  24  60 255
255 114  88  88 255 239 197  56  56 145 103 177  88 187 114 255
255 208 151  54 106  51   0 255 211  88 204 120  56 141 208 255
255 208 151  54   0  51   0 255  56  88 204 225  56  23 208 255
255 255  99 247  47 231 167 167 105 140  88 177  88 187 114 255
255  60  94 254 244  43  95 231 250 239  46  24  24  24  60 255
255 141 200 251   0  13 125 120  26 177  24 199 135 206  40 255
255 248 255 255 116  31  93  62  56  88  24 135   0 151  40 255
255 168 255 108   0 241 203 104 141 187  24 206 151 213  40 255
255 255 127 255 141 255 255  40  40 114  60  40  40  40  73 255
255 255 255 255 255 255 255 255 255 255 255 255 255 255 255 255
255 255 255 255 255 255 255 255 255 255 255 255 255 255 255 255
255  73  40  40  40  60 114  87  87 114  60  40  40  40  73 255
255  40 213 151 206  24  88 199  81  88  24 206 151 213  40 255
255  40 151   0 135  24  88   6 199  88  24 135   0 151  40 255
255  40 206 135 199  24 177 135 123 255  24 199 135 206  40 255
255  60  24  24  24  46 103 186 186 103  46  24  24  24  60 255
255 114  88  88 255 239 197  56  56 145 103 177  88 187 114 255
255 208 151  54 106  51   0 255 211  88 204 120  56 141 208 255
255 208 151  54   0  51   0 255  56  88 204 225  56  23 208 255
255 255  99 247  47 231 167 167 105 140  88 177  88 187 114 255
255  60  94 254 244  43  95 231 250 239  46  24  24  24  60 255
255 141 200 251   0  13 125 120  26 177  24 199 135 206  40 255
255 248 255 255 116  31  93  62  56  88  24 135   0 151  40 255
255 168 255 108   0 241 203 104 141 187  24 206 151 213  40 255
255 255 127 255 141 255 255  40  40 114  60  40  40  40  73 255
255 255 255 255 255 255 255 255 255 255 255 255 255 255 255 255
255 255 255 255 255 255 255 255 255 255 255 255 255 255 255 255
255  73  40  40  40  60 114  87  87 114  60  40  40  40  73 255
255  40 213 151 206  24  88 199  81  88  24 206 151 213  40 255
255  40 151   0 135  24  88   6 199  88  24 135   0 151  40 255
255  40 206 135 199  24 177 135 123 255  24 199 135 206  40 255
255  60  24  24  24  46 103 186 186 103  46  24  24  24  60 255
255 114  88  88 255 239 197  56  56 145 103 177  88 187 114 255
255 208 151  54 106  51   0 255 211  88 204 120  56 141 208 255
255 208 151  54   0  51   0 255  56  88 204 225  56  23 208 255
255 255  99 247  47 231 167 167 105 140  88 177  88 187 114 255
255  60  94 254 244  43  95 231 250 239  46  24  24  24  60 255
255 141 200 251   0  13 125 120  26 177  24 199 135 206  40 255
255 248 255 255 116  31  93  62  56  88  24 135   0 151  40 255
255 168 255 108   0 241 203 104 141 187  24 206 151 213  40 255
255 255 127 255 141 255 255  40  40 114  60  40  40  40  73 255
255 255 255 255 255 255 255 255 255 255 255 255 255 255 255 255
